place(-23.676, 1.708, -5.151, "Shotgunner", 450)
place(-37.917, 1.927, -6.666, "Shotgunner", 450)
upgrade(-23.676, 3.058, -5.151, 225)
upgrade(-37.917, 3.277, -6.666, 225)
upgrade(-37.917, 3.277, -6.666, 1425)
upgrade(-23.676, 3.058, -5.151, 1425)
place(-27.768, 1.989, -3.074, "Electroshocker", 1088)
upgrade(-27.768, 3.339, -3.074, 450)
upgrade(-27.768, 3.339, -3.074, 900)
place(-28.763, 1.446, -10.221, "Commander", 1275)
place(-25.703, 1.763, -5.269, "Shotgunner", 450)
upgrade(-25.703, 3.113, -5.269, 225)
upgrade(-25.703, 3.113, -5.269, 1425)
place(-22.800, 1.620, -3.144, "Shotgunner", 450)
upgrade(-22.800, 2.970, -3.144, 225)
upgrade(-22.800, 2.970, -3.144, 1425)
place(-24.891, 1.847, -3.229, "Shotgunner", 450)
upgrade(-24.891, 3.197, -3.229, 225)
upgrade(-24.891, 3.197, -3.229, 1425)
place(-25.450, 1.621, -0.725, "Freezer", 638)
upgrade(-25.450, 2.971, -0.725, 338)
upgrade(-25.450, 2.971, -0.725, 975)
place(-30.449, 1.950, -4.334, "Shotgunner", 450)
place(-30.480, 1.955, -4.280, "Shotgunner", 450)
upgrade(-30.480, 3.305, -4.280, 225)
upgrade(-30.480, 3.305, -4.280, 1425)
place(-22.551, 1.520, -0.970, "Shotgunner", 450)
upgrade(-22.551, 2.870, -0.970, 225)
upgrade(-22.551, 2.870, -0.970, 1425)
upgrade(-28.763, 3.146, -10.221, 450)
upgrade(-28.763, 3.146, -10.221, 3750)
upgrade(-28.763, 3.146, -10.221, 8250)
